name=Barnsley-Farn

numberOfTransformations=4
f1=0.0, 0.0, 0.0, 0.17, 0.0, 0.0
f2=0.84962, 0.0255, -0.0255, 0.84962, 0.0, 3.0
f3=-0.1554, 0.235, 0.19583, 0.18648, 0.0, 1.2
f4=0.1554, -0.235, 0.19583, 0.18648, 0.0, 3.0

p1=2
p2=84 
p3=7
p4=7

shiftX = 0
shiftY = -300
zoom = 30
